360 360 0.0091638896003
360 365 0.0
360 370 0.0
360 375 0.263501119687
360 380 2.86308766623
360 385 3.43859731053
360 390 3.78987776263
360 395 15.1758403274
360 400 7.26905357083
360 405 7.77336668539
360 410 5.2437749425
360 415 11.2593708854
360 420 6.23662956444
360 425 4.36132731143
360 430 12.4771571137
360 435 10.2801631307
360 440 7.57271506401
360 445 8.88555515186
360 450 11.304725327
360 455 7.90160039302
360 460 7.5462255471
360 465 10.620918665
360 470 8.19995476592
360 475 11.5290967557
360 480 4.91448514841
360 485 8.79540042612
360 490 11.8607082609
360 495 10.6351082047
360 500 12.1564232551
365 360 4.11621988992
365 365 0.00929116584473
365 370 0.0
365 375 0.0
365 380 0.254597063901
365 385 1.24557878815
365 390 2.80245931778
365 395 6.51754265525
365 400 4.27258381633
365 405 12.7773358465
365 410 16.7536279229
365 415 8.59453689508
365 420 9.67047994948
365 425 7.4190538121
365 430 11.1154858763
365 435 8.44975904074
365 440 10.132417722
365 445 8.48026208505
365 450 10.9961348999
365 455 3.45173500012
365 460 9.05210451338
365 465 4.40842647836
365 470 12.0174853953
365 475 6.6372066322
365 480 8.7086953057
365 485 12.1742500066
365 490 10.8192475166
365 495 9.84437003746
365 500 9.05687858528
370 360 7.4777889848
370 365 0.841813979094
370 370 0.00924523707675
370 375 0.0
370 380 0.0
370 385 0.0554714056434
370 390 1.0625280887
370 395 1.83843772841
370 400 4.42955458897
370 405 4.97399212623
370 410 13.8577139291
370 415 10.9161947775
370 420 3.88810755797
370 425 8.56677443834
370 430 9.59755763859
370 435 5.3259302425
370 440 12.2053740684
370 445 5.59874190597
370 450 4.51527729622
370 455 12.4881116951
370 460 9.55470878002
370 465 4.29639915004
370 470 6.37266446565
370 475 11.4461848839
370 480 10.0263566108
370 485 11.1087726799
370 490 12.4041246005
370 495 6.10478063738
370 500 9.25488292655
375 360 9.88981180821
375 365 3.95208032292
375 370 0.0375786644885
375 375 0.00936269654359
375 380 0.0
375 385 0.0
375 390 0.0
375 395 0.813526634927
375 400 1.81135287205
375 405 4.14511524641
375 410 1.09688464282
375 415 9.89808399798
375 420 10.3357483869
375 425 12.6064723527
375 430 10.7179892435
375 435 10.4737464362
375 440 8.60081967729
375 445 13.5717384064
375 450 5.53477550616
375 455 9.03429708753
375 460 14.0393740262
375 465 13.9901890569
375 470 11.0501669988
375 475 13.5174332295
375 480 6.64393037258
375 485 12.7831999891
375 490 8.54694522977
375 495 8.15633555454
375 500 1.9065755632
380 360 10.9424313102
380 365 7.31092993789
380 370 2.0837941478
380 375 0.178962637139
380 380 0.00947619139695
380 385 0.0
380 390 0.0
380 395 0.0
380 400 0.72222355558
380 405 2.33567770506
380 410 1.73248050232
380 415 5.97355693826
380 420 10.8751607273
380 425 10.7392146662
380 430 12.1026477083
380 435 13.5864179501
380 440 8.28592267558
380 445 8.89803112357
380 450 8.21248622072
380 455 0.103537540672
380 460 10.5664399577
380 465 11.9034864256
380 470 10.1431210087
380 475 10.3928025354
380 480 11.3075113762
380 485 8.70303207926
380 490 7.70778108917
380 495 8.81389495656
380 500 9.79354354517
385 360 7.96731960568
385 365 8.1494073175
385 370 3.31354294063
385 375 0.285374027643
385 380 0.0248158423723
385 385 0.0096150534924
385 390 0.0
385 395 0.0
385 400 0.0
385 405 1.91620112269
385 410 0.842257322601
385 415 2.89466809692
385 420 4.40322564869
385 425 9.4772011105
385 430 10.2884203078
385 435 12.1900770219
385 440 7.42255504354
385 445 9.27064061911
385 450 6.95368935616
385 455 8.38416660504
385 460 8.64833701142
385 465 9.5738742703
385 470 6.27754694909
385 475 11.0389493868
385 480 13.1847684154
385 485 10.1675083767
385 490 10.8924342432
385 495 8.9992461369
385 500 8.82957049241
390 360 0.016394943009
390 365 9.03215878684
390 370 5.37816741819
390 375 2.68293356645
390 380 3.11975959505
390 385 0.0248092872001
390 390 0.00975120875505
390 395 0.0
390 400 0.0
390 405 0.0
390 410 1.77218434645
390 415 1.73341210871
390 420 1.22239166885
390 425 1.86366682684
390 430 4.64982626459
390 435 8.59890784096
390 440 8.60077451566
390 445 10.1030732998
390 450 7.60418210252
390 455 6.53335406491
390 460 7.77304277659
390 465 7.34020199898
390 470 9.81349236957
390 475 7.67531446437
390 480 14.5007132028
390 485 13.7126659461
390 490 10.2869928172
390 495 7.87167090425
390 500 6.7085991029
395 360 2.97138710794
395 365 0.190063123721
395 370 7.53544753535
395 375 5.11995687483
395 380 0.95336651655
395 385 0.517796036704
395 390 0.0250273372201
395 395 0.00985339249607
395 400 0.0
395 405 0.0
395 410 0.0
395 415 0.605404221798
395 420 1.72205548331
395 425 1.09329039871
395 430 3.25732276176
395 435 3.82847959534
395 440 5.15877882959
395 445 8.06649125139
395 450 5.69259773274
395 455 10.1534415253
395 460 9.47659982898
395 465 7.01819076132
395 470 5.30429610017
395 475 4.29645329943
395 480 10.026459745
395 485 11.0842702799
395 490 11.5602345915
395 495 14.8062549623
395 500 9.95279058116
400 360 3.54851658988
400 365 1.32217158432
400 370 0.1840891928
400 375 7.63658403403
400 380 5.20249481223
400 385 1.80163335125
400 390 0.041950811704
400 395 0.025207181833
400 400 0.00998289380076
400 405 0.0
400 410 0.0
400 415 0.0
400 420 1.40019364223
400 425 1.56118674866
400 430 0.940599407948
400 435 2.61005631063
400 440 2.68833175886
400 445 7.05440808243
400 450 10.7313294754
400 455 6.64900277554
400 460 8.2845768932
400 465 8.15610981192
400 470 7.82588998584
400 475 11.6543532635
400 480 8.73365316015
400 485 11.3381397161
400 490 6.62221233171
400 495 7.2654972491
400 500 21.6073055473
405 360 5.01628651478
405 365 5.7860774668
405 370 1.6446733813
405 375 4.27396810617
405 380 7.98596693266
405 385 5.275145147
405 390 2.92481769475
405 395 0.0419587711024
405 400 0.0251714993854
405 405 0.0101092925042
405 410 0.0
405 415 0.0
405 420 0.0
405 425 1.12563996846
405 430 1.18064015653
405 435 2.22207137022
405 440 2.31486140452
405 445 1.86876681241
405 450 4.94257061469
405 455 4.82893412286
405 460 8.28423085043
405 465 5.46919054134
405 470 5.07385660744
405 475 11.1369662695
405 480 8.75433524027
405 485 7.27272724128
405 490 5.52966785005
405 495 11.4225844314
405 500 10.4165531809
410 360 10.9107524641
410 365 10.8359422943
410 370 2.33160414136
410 375 5.78341081288
410 380 2.23872470225
410 385 0.785611504879
410 390 5.3495344392
410 395 0.948569965166
410 400 0.0419261765447
410 405 0.0254552289131
410 410 0.0102324661458
410 415 0.0
410 420 0.0
410 425 0.0
410 430 1.08404176163
410 435 0.951453567783
410 440 1.73283015812
410 445 2.04581096288
410 450 1.69475040113
410 455 3.62279933989
410 460 4.6376780175
410 465 8.90135729547
410 470 7.76934450117
410 475 5.09821444204
410 480 9.7651532909
410 485 6.49601702775
410 490 6.45490950638
410 495 6.91799645889
410 500 6.63485101041
415 360 9.51422656433
415 365 10.3308154996
415 370 3.87740885637
415 375 3.80322782364
415 380 3.51909188518
415 385 3.6065255778
415 390 0.637281591773
415 395 5.69705668107
415 400 0.0584491058569
415 405 0.0421025287897
415 410 0.0253857994286
415 415 0.0103522984452
415 420 0.0
415 425 0.0
415 430 0.0
415 435 0.867033343128
415 440 1.12057240722
415 445 1.70223584004
415 450 2.01576591846
415 455 1.57401286662
415 460 1.23331748898
415 465 2.36177751759
415 470 2.10427391298
415 475 13.3549820856
415 480 8.22593045862
415 485 8.42715681836
415 490 17.9845152538
415 495 9.98772996807
415 500 8.5939961987
420 360 13.625236147
420 365 5.41481922679
420 370 6.01021148065
420 375 6.12581991651
420 380 5.24322664694
420 385 5.81302338851
420 390 4.33026504747
420 395 7.99558987718
420 400 1.36737372875
420 405 0.0586580564651
420 410 0.0421873973224
420 415 0.0255776933122
420 420 0.010503819563
420 425 0.0
420 430 0.0
420 435 0.0
420 440 0.604132406835
420 445 0.831784632185
420 450 1.74699540206
420 455 1.83670218646
420 460 1.27917903924
420 465 1.06943561966
420 470 2.25799977633
420 475 3.72620645614
420 480 3.85700819286
420 485 1.94897126057
420 490 5.05538325743
420 495 5.36483064091
420 500 8.92748060557
425 360 11.984482609
425 365 18.5165210347
425 370 10.2733371145
425 375 3.99570598431
425 380 5.75607347934
425 385 3.86624085856
425 390 7.8240969268
425 395 2.50680110018
425 400 2.40629193215
425 405 0.386231946033
425 410 0.0587221921192
425 415 0.0422873861931
425 420 0.025599068514
425 425 0.0106174095563
425 430 0.0
425 435 0.0
425 440 0.0
425 445 0.625452658135
425 450 0.738760534849
425 455 1.3423941741
425 460 1.67270633816
425 465 1.34495402414
425 470 2.93781966651
425 475 1.49717983176
425 480 3.44141069014
425 485 1.69869260101
425 490 14.0999587071
425 495 6.61993447303
425 500 2.69141121877
430 360 17.6202670845
430 365 16.8394445963
430 370 12.2687874067
430 375 7.89635368715
430 380 5.54862203875
430 385 3.72975170365
430 390 3.12541621767
430 395 4.93573598591
430 400 10.2800120439
430 405 3.42021088429
430 410 0.631422974993
430 415 0.0588866660363
430 420 0.0425239708015
430 425 0.0258289425738
430 430 0.0107273330536
430 435 0.0
430 440 0.0
430 445 0.0
430 450 1.70129731806
430 455 2.16273593748
430 460 1.35520021408
430 465 1.25024202992
430 470 1.23448239285
430 475 2.51069925732
430 480 1.55433061253
430 485 1.95565099202
430 490 1.6769919728
430 495 2.4053352367
430 500 8.7489055239
435 360 6.36032556065
435 365 16.8969374238
435 370 11.2325225217
435 375 7.55347780953
435 380 7.51013776915
435 385 14.4856694275
435 390 2.54225977959
435 395 3.99017003606
435 400 8.48967300296
435 405 7.90142715868
435 410 2.56775992845
435 415 0.0750662736965
435 420 0.0589650603324
435 425 0.0425187136404
435 430 0.0257908834512
435 435 0.0108711364833
435 440 0.0
435 445 0.0
435 450 0.0
435 455 1.27351757585
435 460 0.779050124288
435 465 0.660003925627
435 470 1.24713051612
435 475 0.693731128402
435 480 1.04475902231
435 485 18.7764604167
435 490 0.992951740115
435 495 8.50427449685
435 500 1.74790602764
440 360 11.8383471948
440 365 9.7157288186
440 370 19.3186484353
440 375 2.56640592357
440 380 5.27861551327
440 385 6.77061728802
440 390 8.91371732949
440 395 9.4848637319
440 400 1.95321607264
440 405 13.3554673906
440 410 4.52700660757
440 415 0.60234954454
440 420 0.0752011567278
440 425 0.059157929031
440 430 0.0426857221703
440 435 0.0259963779155
440 440 0.0109741812335
440 445 0.0
440 450 0.0
440 455 0.0
440 460 1.35361145472
440 465 0.461446176955
440 470 1.0535873527
440 475 0.662463391993
440 480 0.927770753314
440 485 2.00920715689
440 490 0.0756354231685
440 495 2.16215453053
440 500 0.579106266556
445 360 15.1544792303
445 365 13.4306283516
445 370 11.2976752493
445 375 15.7395809769
445 380 9.93631479433
445 385 6.87849883711
445 390 4.45843984683
445 395 5.37992579243
445 400 11.5381830791
445 405 14.5861819243
445 410 2.792153051
445 415 1.95747869211
445 420 0.660244387202
445 425 0.0756198598083
445 430 0.059512337868
445 435 0.0430080536218
445 440 0.0261906305343
445 445 0.011112616499
445 450 0.0
445 455 0.0
445 460 0.0
445 465 0.166417958039
445 470 0.303270758588
445 475 0.0212723407175
445 480 1.13997120203
445 485 0.198964523078
445 490 10.540415427
445 495 9.09774370864
445 500 0.601315956733
450 360 17.2970241896
450 365 13.1389421445
450 370 12.1112297222
450 375 12.1360443606
450 380 5.47241022229
450 385 6.62763473584
450 390 5.54492078123
450 395 5.69069829445
450 400 2.61474603588
450 405 5.48728982355
450 410 13.2531465969
450 415 9.7676270876
450 420 1.83785057116
450 425 0.0913155221268
450 430 0.0756563947093
450 435 0.0595018664615
450 440 0.0428497094548
450 445 0.0261006737561
450 450 0.0112486983409
450 455 0.0
450 460 0.0
450 465 0.0
450 470 1.01801651226
450 475 0.0644373508184
450 480 0.020895743396
450 485 0.0373636173454
450 490 0.918941926043
450 495 0.25153956663
450 500 3.77961529236
455 360 13.9060432519
455 365 10.1270796719
455 370 5.08557729281
455 375 9.95172506705
455 380 9.65837761673
455 385 9.27312058335
455 390 5.41257994811
455 395 4.43191875973
455 400 4.80658227792
455 405 4.49817271452
455 410 4.9312445774
455 415 10.5003636109
455 420 9.21947042917
455 425 0.689358804574
455 430 0.0913434265784
455 435 0.0756086937093
455 440 0.0593810540287
455 445 0.0427275325573
455 450 0.0261277181145
455 455 0.0113823217696
455 460 0.0
455 465 0.0
455 470 0.0
455 475 0.00229880182627
455 480 0.0106544589807
455 485 0.0211752242939
455 490 0.98229450008
455 495 0.0487771221108
455 500 0.145641622283
460 360 13.2836865846
460 365 12.7212342542
460 370 9.70417112499
460 375 4.85275423866
460 380 7.5651450699
460 385 19.9099986686
460 390 7.69749432346
460 395 5.27318498411
460 400 2.15742064573
460 405 5.24836805464
460 410 5.59866544264
460 415 8.90313233081
460 420 5.97096926184
460 425 4.53490340162
460 430 11.3427629596
460 435 0.0916132053211
460 440 0.0758471354993
460 445 0.0594275603192
460 450 0.0431299635449
460 455 0.026556513167
460 460 0.0116809084741
460 465 0
460 470 0.0
460 475 0
460 480 0.00131872478018
460 485 2.83859816346
460 490 0.766894566728
460 495 0.0409288960945
460 500 2.49184453926
465 360 13.0148012123
465 365 13.666038918
465 370 10.0372319016
465 375 10.7838588003
465 380 10.8090867725
465 385 10.7899697622
465 390 3.91277417423
465 395 10.5690032825
465 400 7.91288677609
465 405 4.66472128197
465 410 4.4211019294
465 415 4.5402386831
465 420 8.78673005943
465 425 1.41331706044
465 430 10.0970474562
465 435 0.107115914236
465 440 0.0916485306309
465 445 0.0756715678277
465 450 0.0596684827198
465 455 0.0432956694557
465 460 0.0264067482438
465 465 0.0115986387143
465 470 0
465 475 0
465 480 0.0
465 485 0.00209281368471
465 490 0.230165841912
465 495 0.0315038181796
465 500 2.24142700498
470 360 9.90089801857
470 365 5.77686858091
470 370 11.9142925731
470 375 11.0085088518
470 380 11.0551946491
470 385 11.800137001
470 390 6.70825856074
470 395 14.2259607802
470 400 4.99155194472
470 405 2.04097156159
470 410 5.12953455313
470 415 4.42251580468
470 420 5.44043530663
470 425 6.65809716507
470 430 5.50525547052
470 435 13.6055123557
470 440 0.107184446799
470 445 0.0916269708414
470 450 0.0760052643848
470 455 0.0600313539562
470 460 0.0434411093343
470 465 0.0299291239488
470 470 0.0117233552596
470 475 0.0
470 480 0
470 485 0
470 490 0.568959875034
470 495 0.0189608604381
470 500 1.92261047301
475 360 11.8831436414
475 365 14.7410047596
475 370 3.66039917416
475 375 8.03580187506
475 380 11.5017239157
475 385 12.4890677513
475 390 9.35130826706
475 395 6.99718625914
475 400 3.60955222498
475 405 3.21066101206
475 410 4.24025185012
475 415 4.42557164576
475 420 5.25312273377
475 425 4.86548227323
475 430 5.47349298822
475 435 3.1985309062
475 440 6.21301631914
475 445 0.107088363945
475 450 0.0918760521978
475 455 0.0762794451088
475 460 0.059948000839
475 465 0.0434938656847
475 470 0.0265686829495
475 475 0.0349192173097
475 480 0.0
475 485 0.0
475 490 0.0
475 495 0.415562548415
475 500 0.0126102385369
480 360 9.10261714415
480 365 13.2477378598
480 370 9.32638786705
480 375 3.62239840576
480 380 9.71056350878
480 385 12.3582762726
480 390 9.28764898279
480 395 7.16858210816
480 400 2.3193030902
480 405 3.37267106895
480 410 4.07217002692
480 415 11.9461184161
480 420 5.22143834149
480 425 4.49944008419
480 430 4.25600923154
480 435 7.73510869204
480 440 9.54699280871
480 445 17.198052433
480 450 0.107377421857
480 455 0.0921937848981
480 460 0.0762111761561
480 465 0.0600573549911
480 470 0.0435088326141
480 475 0.026848346777
480 480 0.0122304583859
480 485 0
480 490 0
480 495 0
480 500 0.000566050283621
485 360 0.115920506568
485 365 13.8000876895
485 370 9.96926452664
485 375 9.08083759642
485 380 16.5323308657
485 385 11.9154171888
485 390 11.3220322129
485 395 15.7157928921
485 400 8.33408389855
485 405 3.69944331211
485 410 4.00620175043
485 415 2.09861722158
485 420 1.7925222689
485 425 1.69060615084
485 430 4.52259398684
485 435 5.61078462464
485 440 5.2001217053
485 445 8.40573324028
485 450 13.6037337226
485 455 0.107755426381
485 460 0.092185207787
485 465 0.0764438408568
485 470 0.0601025860447
485 475 0.0435565375738
485 480 0.0269292988576
485 485 0.0208741123408
485 490 0
485 495 0
485 500 0
490 360 13.8106945224
490 365 11.6736668298
490 370 10.4393492334
490 375 3.96851765024
490 380 9.91081588545
490 385 9.84434916724
490 390 5.17298303261
490 395 10.8178638078
490 400 4.75887860145
490 405 17.7676802036
490 410 5.65462490275
490 415 18.1399404771
490 420 1.11540724975
490 425 1.88554540385
490 430 2.56380334104
490 435 1.74525251208
490 440 2.73129236703
490 445 5.11950098054
490 450 10.1634377554
490 455 9.49166942652
490 460 0.107724413196
490 465 0.0923913586756
490 470 0.0764803716123
490 475 0.0602469515907
490 480 0.0437611864274
490 485 0.027117404675
490 490 0.0564644016463
490 495 0.0
490 500 0.0
495 360 5.8622575026
495 365 13.2766809347
495 370 8.64137535385
495 375 8.81672338015
495 380 9.5645636457
495 385 7.08461254552
495 390 10.6031251956
495 395 6.87352917705
495 400 5.82403805015
495 405 14.1893656137
495 410 8.10743844694
495 415 13.1009275724
495 420 1.66635045301
495 425 13.3573524975
495 430 1.38827650997
495 435 2.49746676771
495 440 2.15782719446
495 445 2.06345788657
495 450 3.06582353585
495 455 3.54690502519
495 460 16.6034928186
495 465 0.108133602165
495 470 0.0924879088338
495 475 0.0766605442459
495 480 0.0603902494321
495 485 0.0438211515474
495 490 12.6516520772
495 495 23.0537817947
495 500 0.0
500 360 7.00351682887
500 365 12.9622383952
500 370 5.61281213867
500 375 4.25029297005
500 380 4.14009756258
500 385 8.84778203582
500 390 10.4357060079
500 395 10.6884188487
500 400 12.3915134257
500 405 10.0745840213
500 410 9.15815733045
500 415 2.81848973198
500 420 3.66572502827
500 425 1.77529087655
500 430 4.92120012298
500 435 1.66245394469
500 440 2.8348097745
500 445 1.68898619291
500 450 6.91217107436
500 455 4.7425302509
500 460 8.63014755989
500 465 4.81094903168
500 470 0.108191427324
500 475 0.0927525105657
500 480 11.907041556
500 485 3.33278241239
500 490 0.0439509013048
500 495 0.0272572001472
500 500 0.0125085458896
